438.29
169.94
437.46
181.23
448.96
149.87
445.55
225.19
224.38
258.07
181.5
190.49
235.05
413.42
240.43
419.29
405.94
334.75
390.89
374.94
320.33
167.48
232.98
203.01
425.56
236.85
243.42
241.7
200.48
389.67
276.49
304.21
295.45
202.94
209.1
219.4
336.09
155.89
380.26
317.63
177.05
230.13
237.85
318.72
163.97
185.51
418.61
195.21
316.56
244.66
386.51
353.58
200.22
387.93
353.7
345.16
398.9
290.86
166.78
417.42
147.68
211.45
246.44
208.82
404.96
339.82
275.44
411.87
432.05
414.07
252.9
337.33
166.36
433.19
213.21
392.58
171.96
319.75
306.87
204.35
226.41
217.06
233.65
163.84
341.15
404.33
219.58
233.24
210.86
275.52
228.15
277.86
382.78
187.1
309.21
331.6
346.94
246.05
316.72
316.4
847.15
1490.35
837.07
1692.66
1232.22
619.06
1279.98
1482.34
769.42
1403.37
751.86
1538.31
1456.64
1561.4
1599.3
1395.95
831.11
734.65
1289.41
755.57
1664.13
1643.58
755.09
1137.09
792.75
1662.74
810.47
741.5
624.94
784.92
1481.19
993.62
993.77
836.45
1405.96
788.91
1105.01
1391.66
1453.44
895.94
669.27
969.7
1133.82
810.56
908.56
1390.53
1619.78
1529.56
878.71
1462.21
845.7
1508.3
1059.23
1507.17
1295.7
801.91
1212.92
1227.47
797.02
740.73
1351.9
612.54
1157.95
888.46
1485.04
1407.48
781.26
737.92
1650.74
503.85
783.35
961.63
843.41
1159.89
1073.33
1418.96
1564.17
764.38
690.58
754.22
1543.58
1273.85
833.87
1685.39
1005.69
1118.14
757.97
880.19
847.11
1495.17
1573.49
1300.91
926.45
574.1
523.97
1160.4
974.79
710.56
720.0
888.83
1911.78
1581.15
1562.19
1052.89
1508.18
2033.12
1162.35
1018.32
1177.1
1706.94
1511.0
1370.69
1564.45
1140.16
1727.43
1682.54
1609.14
1117.71
1876.2
1582.67
1050.28
1396.85
1898.0
1747.59
1711.28
1445.43
1336.66
1800.57
1021.18
1628.0
670.58
1540.73
1121.07
1632.16
1080.77
1768.9
1150.93
1651.05
1606.82
1581.97
1174.34
1521.4
781.89
1593.07
1684.08
1743.26
1996.7
1792.11
1610.66
1758.28
1271.88
1208.17
1899.1
1583.17
1880.7
1115.58
1514.34
917.41
1551.74
1259.73
1563.81
1731.32
1774.59
1278.48
1586.59
1733.59
1720.4
1237.59
1466.87
1896.09
1620.49
1754.21
1481.04
1160.72
1000.05
955.26
1886.09
1463.56
1589.05
936.92
1964.83
1153.48
1547.75
1941.22
1410.83
1897.2
1814.96
1121.98
1673.53
1142.37
1977.54
1890.07
2016.05
1904.92
1136.3
1514.7
939.06
1916.33
1673.67
1708.85
1426.53
987.13
1323.22
799.59
1392.99
805.01
977.48
1461.65
1411.11
1531.32
958.73
1305.37
1136.14
1215.51
1256.12
894.11
1020.92
644.22
1147.89
1075.19
1491.69
826.61
759.38
1431.28
1510.43
1145.9
1250.29
1561.54
1182.66
949.06
595.56
660.3
662.61
1930.64
1370.88
786.48
743.07
668.56
944.7
1051.46
698.39
833.17
1309.23
1385.12
915.58
1105.96
1318.15
649.71
938.44
1133.33
1730.24
1025.88
651.1
1124.81
627.3
752.7
1355.22
1402.9
598.87
733.3
748.53
1149.56
1820.53
1386.56
621.78
1641.63
1448.45
855.25
770.37
1170.81
1011.38
1134.91
1404.96
1350.99
1328.5
1074.71
1394.33
618.85
762.04
1235.84
785.47
960.91
1316.63
545.22
1153.71
751.21
1909.96
551.96
867.96
1354.45
655.77
957.37
684.42
1379.2
1714.63
1111.8
1392.99
813.14
1096.13
1629.22
962.94
675.77
869.69
1122.49
827.92
545.16
949.97
946.83
570.27
1134.05
643.86
1131.77
766.76
1002.09
775.66
617.5
1210.51
577.53
1456.34
547.68
1059.02
523.12
830.61
827.43
719.64
829.74
1256.94
791.01
545.32
1394.56
536.43
766.48
1049.62
1028.15
635.84
1578.38
874.04
879.12
819.59
1057.35
1012.57
909.68
532.63
658.44
571.04
1119.42
597.17
788.58
1187.15
719.77
309.76
283.67
319.4
700.51
1188.83
602.55
906.22
758.21
441.81
852.06
838.46
776.54
884.1
741.54
1166.62
475.57
887.5
1145.55
1216.83
329.57
740.84
936.5
1156.04
1116.75
736.85
794.23
1101.73
1094.22
821.66
374.0
603.0
707.38
296.55
307.41
765.12
641.05
1146.33
887.29
772.61
1103.8
545.38
585.52
342.7
773.24
330.55
300.32
1092.99
819.71
782.15
762.47
1025.45
877.85
644.09
293.71
1039.61
282.95
788.23
575.45
889.25
608.11
893.72
780.92
599.69
449.64
297.4
808.15
754.66
1208.75
886.59
444.18
996.8
750.74
1207.13
416.47
658.11
494.67
637.49
807.53
816.53
377.06
630.6
982.13
772.36
650.1
282.03
847.63
1033.41
312.43
1122.16
612.63
917.52
1034.59
792.57
316.45
474.15
392.53
1177.4
1083.34
366.95
784.54
1459.51
1161.82
1237.51
1424.53
1179.76
511.85
663.93
746.81
1103.69
1382.55
791.43
1381.23
909.66
643.39
1406.71
679.82
728.09
620.09
885.81
1377.57
622.03
619.56
782.84
1481.94
1278.83
710.52
1470.42
684.35
1290.77
651.73
634.08
1085.1
608.81
615.59
791.93
1458.26
1341.46
940.0
1114.84
1281.51
1501.48
876.12
1057.58
1518.07
778.1
1403.68
1292.38
1275.66
820.84
1207.17
1463.97
719.69
1531.82
1370.56
612.86
1379.57
775.79
599.72
769.32
1460.08
842.59
1093.85
1176.63
1494.25
1387.46
791.23
1103.67
1211.9
1411.37
660.33
1502.87
523.15
1349.18
552.32
889.55
1105.81
1317.4
721.98
1459.85
1034.32
798.2
654.83
747.78
1430.34
878.95
642.49
1485.27
1395.22
821.71
1481.27
555.27
947.64
659.02
951.18
962.81
1172.76
623.91
1303.04
1391.87
756.44
1875.05
1983.93
1988.98
1905.08
1743.96
1976.67
1968.37
1962.26
2073.51
1953.68
2005.77
1964.4
1594.48
1965.54
1853.85
1936.58
1782.04
1964.55
1888.94
1872.44
1852.37
1750.76
2018.84
1920.88
1994.23
1879.23
1888.91
2083.98
1724.82
2038.97
1826.85
1878.43
1929.09
1946.84
2061.66
1771.62
1790.48
1948.81
1926.07
1760.0
1846.47
1982.22
1952.09
1768.54
1823.58
1918.17
1841.97
1763.87
2165.29
2092.91
1798.36
1945.92
1931.01
1908.32
1997.8
1860.09
1954.59
2135.45
1912.92
1945.07
1841.0
1849.84
1806.19
1912.26
1944.62
1859.86
1951.65
1790.93
1972.43
1781.09
2127.67
1927.56
1779.88
1958.56
1828.17
2066.38
1829.47
2068.34
1939.32
1870.63
1901.41
1834.6
1864.02
1900.61
1982.14
1917.02
1921.78
1810.05
1883.41
2035.29
1796.68
1960.04
2076.22
1854.27
1958.63
1826.23
1951.34
2079.56
1771.67
1893.77
1331.31
1173.2
996.2
1847.75
1461.93
742.4
1211.99
1316.87
666.39
1201.79
2119.43
1536.01
1817.09
1736.42
1549.97
1963.81
1691.84
1773.56
1802.12
1391.2
1400.83
2149.58
1721.72
1799.6
1490.84
1424.8
1596.75
834.35
1912.29
1461.33
1683.92
1554.53
1825.28
1075.95
1461.57
1980.2
621.44
1817.53
1673.77
463.96
1913.93
2008.79
1171.46
708.63
1326.12
1721.47
1891.7
710.99
1608.99
1442.81
1519.35
1436.64
1207.05
2107.33
1602.7
983.88
1557.01
1928.4
1152.16
1872.04
1268.98
1136.62
820.77
208.22
1357.92
1243.01
1162.31
1953.05
1340.46
859.85
1499.56
1383.12
1412.5
546.37
1496.19
1604.53
1467.02
1664.58
655.84
1602.78
1181.64
1078.5
1476.88
1821.16
621.92
1599.2
1451.87
1646.6
924.47
1776.98
2107.07
858.48
1359.45
1333.69
1505.2
1692.43
1801.31
1272.28
1052.43
1178.27
1417.59
1803.12
1585.73
1746.72
1872.7
1823.84
1814.29
1809.31
1322.46
1728.74
1323.66
1178.23
1135.75
1445.71
1405.14
1322.57
1530.79
1443.3
1370.53
1612.67
975.47
1596.83
1765.21
1194.25
1204.43
2116.22
1132.53
1631.53
1515.38
1863.25
530.62
1450.4
1355.5
1085.44
618.42
1453.2
1125.33
1170.27
1732.92
1180.78
815.27
1363.18
773.2
1815.1
1042.94
1929.73
1899.9
1102.62
867.76
1716.56
1615.37
1562.17
1878.15
2113.38
1502.73
745.72
1611.92
687.05
1230.75
1890.79
1885.52
752.98
667.11
1359.41
1625.79
1094.67
793.34
1660.11
1523.89
2049.74
1794.14
1861.11
981.14
1778.75
1113.22
1435.96
1718.13
1928.87
1652.46
1657.75
968.94
1792.79
1885.08
1557.11
1610.9
1433.43
607.88
1103.26
771.03
1482.79
1940.44
1913.73
1369.05
1430.54
1093.17
1472.64
1664.78
1715.56
1308.53
1687.52
1507.78
1397.66
1914.58
1518.71
1002.8
1634.81
1399.61
1515.47
1613.75
1946.21
1488.31
1641.86
1706.14
1503.38
1627.19
2165.69
1853.61
2025.26
1507.94
1008.17
1115.29
2154.82
1960.25
1921.27
1316.19
1629.16
876.38
538.71
1429.06
1566.14
1169.93
1042.06
1200.77
1907.16
1942.22
1622.45
1729.98
1963.75
2018.94
1761.98
1543.47
1643.92
1800.99
1483.79
1970.5
1382.55
1280.36
1845.52
1791.88
1860.1
678.54
718.83
1897.09
1596.41
1690.91
2051.84
1611.47
1879.78
1592.58
1979.04
1193.4
1782.65
782.07
1588.41
1661.99
1680.17
1300.6
1517.13
922.23
1884.92
1619.77
763.84
1564.99
1783.47
819.49
1252.3
1631.45
1799.51
1779.94
1317.98
1051.6
997.87
977.71
1442.95
1407.91
813.73
1778.1
1059.62
1125.64
1763.63
1506.11
1050.86
1801.44
1230.43
1118.29
1519.33
603.5
1305.87
1192.11
1718.52
758.57
1297.32
995.5
1891.04
1449.29
1482.12
1738.63
1687.96
849.98
1863.36
1729.22
1132.87
1135.5
1654.65
1571.83
1244.47
1691.16
1724.22
1671.61
1577.42
1453.29
1722.7
718.16
1403.36
1329.24
1608.52
1157.41
1596.4
1720.83
957.99
1494.01
1204.97
1787.24
1615.27
1361.0
638.0
1212.2
1884.84
1651.98
884.59
1796.29
1387.05
1171.15
1746.7
1511.96
1437.52
551.09
1111.32
1835.05
1549.56
996.23
968.51
1746.62
1141.78
1321.54
1724.45
1589.53
1480.45
847.81
1808.17
1588.58
1733.46
1754.61
1396.9
1511.86
1557.98
1839.64
783.84
1696.84
1677.9
1528.12
1404.77
1776.45
791.35
1616.33
1465.4
1879.83
1981.67
1534.52
1608.89
1465.77
1805.1
1659.79
953.05
1045.48
1229.19
1243.97
1459.83
1777.42
2077.28
1499.46
1267.48
1234.61
1141.88
1519.74
1174.98
1979.7
1729.32
1766.19
1226.01
1638.36
1634.21
278.25
2092.82
1381.87
1627.21
1622.54
1798.06
1848.52
933.91
642.19
1154.6
700.33
1762.52
1755.58
1903.19
504.07
1390.84
1715.28
1510.51
1581.41
1479.22
1204.56
1798.66
1137.73
1561.45
1658.81
1512.67
1971.56
1673.36
709.76
1602.73
624.17
1615.15
1785.84
1728.91
829.27
1469.53
1320.56
959.43
1668.91
856.58
1653.93
1622.53
1647.27
1947.88
1776.19
1513.76
1185.87
1143.35
1697.73
1277.51
1568.17
1418.91
732.66
1139.68
1383.88
1003.25
1801.14
1361.19
1991.45
506.81
1784.66
1480.61
1848.23
1662.0
426.58
768.76
1775.16
631.28
1007.3
1516.88
1469.18
1698.84
1367.77
1812.07
1330.93
1734.17
809.67
1506.69
1467.52
1148.24
1514.29
1608.22
1562.66
475.21
1141.82
819.8
1408.85
1542.94
1072.41
1147.14
924.64
1118.2
1090.52
1567.14
1904.71
1916.62
1962.98
1359.93
1919.87
1821.82
990.26
1234.51
759.0
1107.94
1520.28
1197.73
1757.44
1816.1
1519.71
768.04
1553.58
1216.79
1661.27
1669.47
1913.87
1149.06
1764.44
832.55
1513.88
1264.36
1075.66
1670.85
1388.21
1617.72
1781.66
916.96
1267.33
1597.68
687.82
1594.84
1357.51
889.52
1829.84
1490.48
2114.98
1184.01
573.42
1098.6
1493.94
1886.02
1760.86
1697.28
1350.36
1332.6
1645.66
1634.12
1408.45
1445.05
1892.67
1381.05
1587.21
1439.12
1669.95
1852.24
1815.73
1841.23
1243.57
1113.54
1049.4
1444.41
1572.44
946.01
1886.79
1573.3
813.79
1479.55
1976.9
1459.2
1153.4
1056.91
1469.13
1212.88
800.77
1369.65
909.2
1419.85
1223.02
1206.89
1634.84
955.75
1345.38
1198.5
1151.67
1484.9
1658.45
755.81
1684.98
1180.65
494.84
1351.39
980.52
1455.96
1096.77
1645.09
1226.46
1402.29
1125.79
1722.37
1149.94
1606.88
1183.44
1607.09
1912.06
2086.23
1646.93
1286.97
622.62
1740.05
1505.55
1499.27
1380.08
1608.14
1920.81
1541.76
1473.1
1512.11
1061.47
1997.11
1779.42
1898.9
1150.46
1372.73
1568.13
1614.94
1466.47
710.64
1808.75
1444.75
1720.73
1373.37
826.58
1675.9
1783.9
1344.37
1895.12
1512.02
1584.47
761.32
1491.02
2119.75
1420.37
1608.06
1927.26
1671.96
1478.3
1818.07
1497.93
1536.65
1504.55
1519.86
1540.65
2092.48
896.28
767.76
1795.44
1470.15
1237.21
461.61
1365.72
830.4
975.51
1799.08
975.61
1516.76
1741.73
1743.52
1402.05
1870.45
1431.78
1146.66
1392.53
1808.25
1528.27
1667.91
1607.03
1367.38
967.35
1545.27
1507.37
1271.59
1479.66
1686.82
1599.5
1170.42
1658.74
1467.82
1638.5
1774.28
1109.46
1932.91
1482.44
1799.51
1020.75
2019.55
1611.54
1942.27
1314.98
1094.55
1904.5
1750.65
1486.45
1014.28
1422.65
1800.59
1510.9
1605.45
1357.77
421.34
1625.74
1043.87
1194.68
1242.52
2164.71
1280.4
1415.23
1681.14
1024.32
666.32
1330.01
1443.58
1397.29
1547.01
997.96
1091.56
1458.51
1436.65
1466.63
1366.62
1938.11
1506.44
1209.73
930.21
1514.44
1737.83
1590.32
1408.09
1503.73
701.95
1480.84
994.95
756.02
1312.55
1583.99
1603.76
1861.46
1232.23
1711.18
933.36
1588.94
1818.38
1116.88
1899.14
1219.85
1884.91
713.1
592.92
1509.23
1135.82
1808.35
1259.19
1842.69
1613.49
1383.24
1644.0
1198.31
882.25
1803.91
1704.81
596.71
1208.16
820.45
1150.51
895.0
1480.64
1476.04
1523.04
2007.33
648.95
758.85
563.64
1351.79
1070.08
1559.67
993.25
2166.68
1612.59
325.35
1516.18
1176.53
639.22
1186.38
1468.31
867.85
1796.18
1788.3
1711.15
834.51
426.54
1447.57
1061.07
1485.11
1529.31
1146.23
1650.11
453.18
622.19
1677.23
1666.83
775.16
975.85
1169.95
1476.24
1467.41
1401.81
1783.29
471.61
1325.5
840.09
1464.56
1656.08
1779.35
1662.31
1493.04
1900.43
1422.42
1918.79
1226.86
1617.8
784.46
1480.48
1300.65
798.41
1555.1
1652.63
1518.37
1700.91
1460.86
1664.24
1469.05
1150.8
1358.45
1229.39
839.18
1750.29
1616.76
1471.02
1409.41
2069.47
1836.25
1807.37
451.17
1165.14
1239.56
2047.21
1530.65
1069.17
1516.19
982.11
1898.35
1692.01
2119.48
1617.17
1478.72
929.86
1948.58
1708.53
561.73
1336.03
892.12
1349.17
1520.68
1471.31
1482.22
1634.74
1470.8
1860.06
1122.17
1099.53
1451.75
1594.57
785.74
1509.49
1514.87
1039.43
605.74
887.7
1376.58
1108.57
1588.57
1121.27
1762.65
1688.57
672.49
1552.6
1483.67
1440.12
1284.58
1311.91
1756.83
1527.29
1889.45
2135.57
1897.76
1597.66
1362.9
1085.19
1476.72
1456.37
1721.99
1738.63
590.82
1783.97
1901.48
1841.61
1740.54
1302.81
1372.44
1151.23
1244.04
1737.19
704.26
392.64
962.34
584.57
1316.64
1064.77
916.68
691.82
879.83
1621.58
1458.16
593.46
1175.23
1840.14
914.42
1754.4
1819.91
1485.86
1665.2
463.48
1475.54
1488.91
957.16
1291.28
1383.74
1172.17
1951.42
1252.66
1550.86
730.46
2162.32
1186.37
1945.02
1104.21
1417.17
1295.09
1568.8
743.06
1406.84
429.99
1309.24
1716.59
1872.39
466.14
1748.65
690.62
1051.38
1011.0
1185.34
1695.0
1390.97
1518.17
1575.62
908.86
673.12
1209.79
1907.05
1765.75
1179.22
2036.05
1867.36
1645.28
982.26
1562.06
1466.34
776.95
1603.26
1117.76
1645.82
1294.3
1486.48
1625.93
1489.5
1417.38
1664.78
1671.89
1613.86
1469.55
1140.35
1567.4
1787.25
1090.51
1680.75
1177.94
904.66
1634.25
1540.22
1914.43
942.71
1161.83
1195.74
1127.04
1787.25
1200.24
1957.07
596.5
1347.87
1459.0
1274.22
1509.26
1741.52
1917.55
1580.48
1168.48
1293.11
1710.33
2092.8
512.34
1960.54
783.24
1048.23
1732.22
1029.62
1472.7
580.02
1851.99
1516.54
1938.51
1931.27
1304.43
1649.32
1528.96
1938.78
1643.43
1446.05
913.96
878.22
1612.72
846.98
1724.94
1362.84
1360.16
2211.62
1605.99
1640.15
1602.44
1106.91
1748.51
1718.1
1933.33
588.5
1054.25
1073.89
1500.99
1780.42
1687.47
1519.62
1829.3
1632.06
1498.0
1646.6
1739.33
1516.91
1921.56
963.2
1367.57
997.93
1657.81
1699.5
1721.95
647.48
1341.0
817.06
1156.2
1173.62
1208.77
538.58
1422.24
1391.69
1658.01
1157.18
708.08
1135.97
1591.36
590.51
692.8
1634.07
1760.57
1278.35
1721.31
1660.89
1756.56
1641.36
1620.01
1591.92
1354.8
1767.88
1592.5
1252.33
755.66
1163.08
1133.97
1501.49
566.74
1538.8
1873.14
1719.91
1398.27
1479.46
946.51
1722.22
2119.5
1424.06
1168.75
1811.33
1145.01
1309.41
1465.16
1577.61
967.24
1193.45
1853.99
1797.05
1924.95
1383.1
1618.47
1764.4
1651.57
1938.88
1686.61
1606.18
1709.6
1363.11
1833.03
1363.17
1602.8
1310.94
1509.2
1517.55
1456.95
883.69
662.35
1703.22
1605.6
1130.98
1111.79
1116.95
1532.27
1192.68
600.0
705.5
1603.16
1713.31
1507.17
1449.57
1947.64
1901.93
2009.46
1205.29
1498.01
1036.53
1087.34
966.58
1763.91
627.16
1625.11
1069.32
1648.46
1845.23
1346.03
1623.87
1014.79
1512.21
1724.73
531.97
1410.62
1216.53
1452.6
1407.71
1547.24
744.96
1432.88
1605.66
235.93
775.46
1889.18
1607.05
881.0
1172.49
1789.16
697.23
741.64
1862.01
1707.92
1707.54
1906.88
1915.84
1291.03
1533.63
1211.18
1763.57
1666.17
1591.71
1576.63
1947.15
623.66
1717.67
1083.69
1539.41
1520.19
814.84
1242.08
1503.74
1474.77
798.59
1437.42
1876.2
1476.71
922.27
1496.67
1380.38
1576.54
1868.17
1899.11
662.44
277.86
839.67
1617.94
1763.01
1858.13
1582.52
1553.05
1818.96
1696.05
1764.92
615.09
1775.32
1861.0
1546.82
1707.44
1919.0
1377.26
1868.99
1461.29
1268.56
1441.98
911.95
1592.93
1532.97
1750.17
1264.0
1510.84
282.66
1876.23
1439.97
1395.28
530.39
850.93
1807.16
1594.26
1727.99
994.34
1797.15
1419.05
854.44
1810.09
1248.09
927.93
701.02
1260.29
1890.86
1950.48
1421.0
631.47
1151.49
1105.1
976.16
1705.47
1226.38
1344.2
1338.42
1518.73
1481.27
1814.4
871.61
1362.62
1857.1
1666.35
446.19
1949.97
1448.1
2099.69
1801.43
851.26
1146.39
610.4
1669.36
1685.82
786.0
1104.92
1727.76
634.47
1100.46
836.83
1654.11
1537.2
2105.36
971.62
1167.56
1189.18
1567.42
1923.07
678.5
1879.06
1389.87
1446.47
695.96
1608.18
1515.47
1901.67
1777.75
712.7
1637.38
1105.73
1818.38
1418.19
1627.99
1673.18
759.82
1113.16
1069.32
945.76
1432.22
1495.55
1670.91
1471.44
1402.4
1497.38
1232.08
1398.82
1415.96
1978.79
1021.35
1816.03
1600.58
1699.26
1483.32
1101.86
1446.8
1930.38
1727.45
884.71
1575.92
1491.29
2049.26
1643.49
1660.42
1733.11
1411.66
1509.14
1643.22
1799.73
1148.1
1533.12
826.48
1748.15
1756.0
509.63
1608.95
1890.14
1843.24
1449.76
1406.47
778.09
1139.41
1801.67
1166.31
1721.85
1227.78
733.18
1467.56
1597.03
1390.33
1757.26
1185.47
445.53
919.35
1762.35
1969.81
1760.75
1618.45
1980.71
1329.1
1535.75
1713.33
1608.62
1350.42
1496.16
1425.37
1656.22
1098.82
1557.71
1524.32
1134.0
980.01
684.24
1807.93
1246.59
1488.38
891.26
1165.27
1447.41
1577.28
1122.59
1339.66
1739.0
773.79
1890.44
994.64
783.18
1688.6
1048.33
1686.28
1934.39
1076.57
1793.84
1813.75
1916.14
756.42
404.09
937.21
1490.87
1720.48
586.32
1827.96
1831.61
1294.4
1607.29
866.41
673.38
1722.64
820.77
251.1
1260.57
1793.69
1664.0
1617.47
1940.7
1728.53
1986.35
1664.1
1410.94
1259.57
1677.37
896.35
1496.91
1488.3
1800.86
1217.64
1633.86
1231.74
1563.62
1498.21
1446.18
1409.08
1158.7
1847.52
1038.13
1713.01
2100.39
777.25
1745.92
267.29
1977.22
1307.72
1716.0
1677.78
1114.61
1783.19
1967.24
1644.5
1599.78
603.29
1515.24
1699.58
1527.57
1397.0
1777.1
993.58
1879.5
1601.13
1195.2
280.04
1850.15
460.66
332.25
1246.34
905.49
1812.46
1777.4
1455.12
1853.9
1538.67
1478.51
1553.73
1114.22
803.15
1659.37
1151.97
1573.13
1229.37
1434.28
1642.48
1650.86
1503.29
667.53
1496.02
1451.56
1804.94
951.54
667.33
1230.02
1137.02
1333.85
1031.33
1670.79
1543.89
1755.16
783.55
1747.74
818.24
1958.41
1897.47
1470.12
1240.7
1489.48
845.56
1849.34
1283.51
910.59
1615.34
1014.6
889.48
585.05
985.55
540.43
1901.23
1888.66
1635.02
1218.3
1147.65
500.34
1549.46
1700.57
1123.41
421.91
1617.78
1649.3
570.42
1379.5
791.96
923.22
1198.62
1984.88
958.52
314.57
1255.7
1936.37
1488.98
1805.23
1920.46
1122.55
1652.64
1914.64
1280.29
914.55
1097.27
1721.75
1363.9
1582.39
954.45
1542.92
2066.86
1630.86
1160.75
1928.53
1943.2
1357.61
1716.38
1481.48
965.56
1845.03
1332.14
1252.87
1520.4
1757.44
1491.92
555.71
1542.45
793.44
1045.76
213.63
1672.34
1874.5
1711.43
1187.73
1340.76
1713.02
1920.46
1597.65
1268.19
1481.37
640.06
1786.09
1875.35
1092.86
1780.91
1211.08
1708.18
1852.63
1636.67
641.08
915.64
1523.93
1855.56
1469.84
1195.58
1517.56
1368.45
1125.74
1811.19
1606.33
1848.54
1611.07
1028.0
1818.42
1468.34
1668.89
983.5
1547.25
1126.92
944.79
1468.94
1631.0
1558.16
1491.59
1893.03
1170.97
775.77
972.71
1756.78
1629.6
1678.43
1368.34
1207.6
1313.14
740.11
1937.58
1090.61
1916.02
1009.18
1647.37
597.47
1364.76
1210.79
1052.76
427.59
1689.79
1717.39
681.11
1159.76
2043.76
1852.34
1159.42
1841.83
1474.91
1572.48
1609.91
1497.6
2094.43
989.66
713.46
1919.68
1650.33
1562.52
1873.45
2168.64
1518.15
1637.36
1594.68
1407.59
1194.47
1226.02
1290.72
1587.87
1489.25
1950.39
1545.41
1595.99
1646.44
1657.13
1296.8
1838.81
1070.3
1410.44
1439.65
1616.02
1978.73
603.99
1084.06
1386.01
1932.49
1751.67
1110.81
1910.33
1633.43
1637.59
1796.82
936.36
895.62
1797.14
282.76
1864.42
1943.13
1931.54
1722.38
1364.49
1523.57
1509.62
1818.95
371.46
1635.35
1158.02
1200.3
1943.72
1299.0
1280.86
1466.1
1641.88
1607.88
1487.13
1600.04
1429.3
1798.87
843.31
1310.5
1127.9
1174.46
717.72
689.9
955.31
1605.8
605.07
1474.43
866.43
1500.48
1886.84
1887.41
1553.21
1891.05
1503.8
1365.7
1693.78
1892.27
1137.23
523.74
1155.44
1764.34
1610.09
1894.22
1932.49
663.34
408.59
1779.41
1178.69
1761.87
966.84
1852.68
1116.51
1600.98
1183.5
1137.44
1386.47
1431.15
1938.53
1254.95
1982.09
1494.08
1461.47
1640.46
1624.53
1909.77
1721.18
1554.8
1166.01
2078.78
1153.33
795.9
1541.24
1304.03
1603.84
881.94
1312.17
1210.37
1652.93
1632.55
1985.87
1261.17
1442.83
1582.31
551.7
1653.73
1559.98
1874.84
1876.54
583.8
582.73
1649.64
1863.72
1159.94
1860.52
813.62
1174.32
1402.9
757.7
2099.06
1427.62
1124.4
1758.95
1884.81
1467.17
1031.81
792.82
1461.9
1562.41
1789.73
1519.44
1706.79
1620.43
1096.63
1821.82
1622.62
1414.23
1874.59
310.97
1718.85
1345.37
1653.88
608.04
743.4
1906.05
1848.63
1233.75
910.35
1556.43
1911.95
1701.83
1292.3
1616.8
1649.26
1262.44
1672.99
1643.97
1513.1
1142.95
1297.64
898.09
1715.28
2061.16
1571.85
1901.65
2169.72
1839.92
1517.59
1655.13
727.76
886.3
1502.71
782.64
1500.72
1463.41
1909.86
1014.1
1725.15
1642.87
1580.86
1682.97
1496.23
1775.02
544.69
990.19
694.91
1423.76
767.99
1873.85
1694.51
2091.24
1613.63
1285.28
1124.45
494.94
952.49
1667.67
1509.99
1647.81
1035.3
935.08
1383.94
1305.02
1498.06
905.87
934.33
1530.7
1505.66
1927.4
859.02
1121.21
519.8
791.35
1675.01
1417.12
1799.35
1496.35
1621.58
1571.29
1805.28
1885.31
1158.18
1900.75
1511.85
1597.52
990.89
1484.39
1717.78
378.39
1867.94
1821.21
1105.01
1500.45
1079.17
1746.35
1179.74
1503.63
1491.6
1515.72
691.0
1695.79
1608.76
1612.34
997.26
989.49
1861.56
661.87
1746.65
1932.26
898.55
1400.69
1939.25
1399.29
794.13
1766.41
1148.65
1166.46
1311.4
1839.29
996.68
1347.66
1958.67
1506.54
1184.17
1637.41
1614.11
1349.49
984.39
1483.87
1191.9
753.06
1252.64
1427.02
405.38
1623.66
486.33
1527.43
1227.02
1736.82
1627.1
1756.67
1468.35
1534.88
410.36
880.68
1531.41
1864.55
1150.02
1620.39
1889.02
1616.81
1441.33
1465.78
1173.77
1576.3
486.35
2191.68
1443.66
1022.06
782.24
688.48
1902.18
1433.76
1439.13
1897.24
1792.96
1342.89
1612.59
1566.15
1019.69
1892.95
1643.87
1611.46
1571.59
1523.24
1946.89
1505.12
1705.43
998.97
880.7
1697.64
1752.22
1337.54
964.84
2054.08
1409.55
1659.08
1608.09
1600.21
1487.23
1176.87
1550.35
1324.71
1905.19
1215.88
1728.07
1629.97
1581.52
2120.38
1318.74
1408.62
1588.3
1611.28
1438.77
876.21
1074.6
1656.29
1468.31
1829.33
1597.5
1275.1
913.14
1162.68
1119.26
1869.8
1543.28
1228.29
1812.49
1332.6
1700.6
1948.35
1886.22
1598.7
1624.15
1636.07
1202.02
519.28
1641.24
1974.82
1800.9
1785.48
2192.41
1698.13
1826.12
1284.52
1088.8
1279.06
1745.41
1624.15
1611.81
1208.66
1657.13
1653.63
928.92
1839.72
1422.33
1945.62
2146.21
1282.06
874.11
1578.52
1833.73
1719.36
1663.03
1003.17
1926.3
1823.29
1830.94
1122.39
1607.29
1934.27
428.31
654.54
1407.14
867.44
1388.92
1113.46
1781.56
1116.95
1186.48
1162.9
1186.84
1697.44
1654.55
1316.48
1176.84
1691.29
1598.64
1493.97
968.5
1946.03
1513.05
1509.36
1324.01
1500.79
1743.03
1273.82
1208.2
423.35
864.96
1531.53
919.6
1460.01
1537.44
1585.9
2045.75
1871.63
1780.4
1607.29
1676.85
1445.18
1901.31
1491.11
1596.25
1832.32
1931.49
1460.11
1745.83
1539.45
1584.47
1764.23
1026.33
1066.68
2011.34
2056.14
1462.84
946.43
1671.15
1966.86
1519.64
1633.69
1587.02
1932.58
943.79
1669.9
688.9
1271.38
1607.09
711.86
1496.99
1611.48
1902.39
1785.27
1637.94
1162.29
1145.7
1355.61
1907.14
1868.37
1530.72
1735.3
1361.94
932.95
1648.29
1263.37
1532.15
1175.9
1516.44
1838.53
1904.72
1942.09
1512.88
882.69
1849.62
1200.09
1625.88
1403.0
1711.24
1234.2
1021.45
1215.47
1661.9
1431.66
1571.2
1044.95
1660.84
1637.1
1766.0
1957.01
1673.45
449.21
1370.28
1128.37
1384.47
2124.28
833.38
1609.85
1741.3
1138.16
1290.64
1820.16
1761.34
1591.05
1656.12
604.37
824.38
1230.36
1594.82
1528.81
1646.79
1607.49
1480.34
1467.97
1599.44
778.76
1633.28
1804.49
1904.37
1898.63
1819.52
1523.63
906.27
929.78
1626.95
873.03
1507.11
1506.22
1588.12
900.37
1659.82
1905.5
979.5
1747.2
980.89
953.43
1723.01
1295.91
1788.39
1862.09
1595.6
920.2
1503.44
943.86
1390.23
1555.88
1144.84
1625.39
1524.92
997.25
890.24
1453.35
1075.63
1806.81
1265.93
1258.89
1689.65
1458.79
819.71
1203.48
1513.0
911.03
633.23
679.3
456.23
1360.5
1781.36
668.42
1606.65
1555.94
1597.56
1526.03
1734.17
1906.67
839.74
1446.38
2091.8
1533.91
1692.92
1330.9
1260.02
1686.87
1332.08
1312.24
1049.66
1605.29
1714.32
1461.41
1179.7
1639.06
739.39
1062.47
976.5
1669.27
1055.92
1399.22
832.99
925.07
1425.32
997.28
828.87
395.37
1710.33
947.42
863.35
1870.5
767.24
1973.27
1402.72
1615.88
1793.34
1338.46
835.34
1791.02
1819.56
1758.84
681.27
976.46
992.79
1622.23
581.76
1485.34
1668.27
1467.76
1891.16
1122.79
1070.17
1702.96
1556.09
1929.0
1927.66
1496.11
1670.71
1687.98
690.63
1598.6
979.78
1776.78
1013.18
299.04
849.92
1208.76
1704.6
1850.96
1009.25
1465.78
1298.24
800.88
1387.75
1651.61
1500.51
1614.92
1874.07
728.28
1617.12
842.09
1777.93
1135.87
1211.99
1039.71
1945.62
1383.65
1282.43
1977.17
1583.19
1215.34
1874.83
1608.65
1530.56
1979.57
1710.27
1138.92
1526.49
1400.73
1637.52
1196.21
1626.24
1145.64
1612.19
1616.34
1800.88
1792.31
2176.01
2139.68
737.57
1503.56
1857.31
1519.66
653.51
787.98
1123.72
1980.65
1356.19
1350.24
1776.63
863.93
1615.19
1569.87
1755.07
521.3
968.16
1695.61
1685.24
972.94
1131.93
1936.48
1749.3
1697.63
1703.79
1239.27
546.36
1907.92
1451.25
1195.96
2166.2
1470.41
1777.15
1201.14
1618.89
1748.38
1881.29
1751.43
908.62
1688.58
1278.15
1583.86
1883.45
1448.12
1709.67
1338.98
1771.35
815.91
737.83
1141.98
1332.5
1787.73
1142.1
1844.18
1264.53
1476.23
1475.79
1399.64
1413.47
1194.29
1912.56
1917.09
1279.85
888.96
1086.58
1511.9
2113.56
910.62
1727.07
1435.55
2083.92
1457.18
1908.61
674.78
1610.62
1391.92
1143.28
1488.1
1100.95
1035.36
1579.3
1217.32
1781.49
1500.1
1362.89
1670.83
1449.86
1500.84
1361.0
2190.46
1514.12
1468.6
1147.49
1183.86
1883.87
1611.16
1522.17
792.83
1438.84
1808.83
1655.6
1789.63
1990.43
882.78
1530.06
1724.33
1621.74
900.26
1927.54
641.12
1544.88
1609.76
1516.98
1260.03
774.87
1189.05
1718.45
1031.44
1575.53
1712.03
1497.76
1762.33
1305.74
1907.21
1610.19
1623.44
1646.79
434.87
1280.7
1109.93
1741.21
1862.48
527.25
1093.26
1332.42
1721.88
1902.15
1332.28
1858.86
1823.47
1041.06
1610.25
1904.07
1614.08
1567.88
1473.87
1172.94
1934.74
1441.78
1258.49
1429.35
1757.51
1379.67
722.67
1446.93
1889.68
915.27
1461.96
1585.51
1324.35
1471.71
899.35
761.53
1712.74
1657.76
1161.89
1131.83
1908.68
1546.89
1851.11
620.68
1534.12
770.96
1269.27
1406.39
831.69
873.69
1451.68
777.27
1800.23
1361.56
1287.7
1881.78
1326.62
1486.75
1528.43
1348.31
1360.01
1300.12
1256.49
1645.28
899.57
712.21
889.22
577.6
2084.99
1719.78
1315.48
1147.82
506.58
1125.91
1433.21
1403.44
1219.13
2176.48
1299.45
1358.43
1553.63
1805.35
1734.09
1646.67
1646.88
1366.74
1724.72
1867.32
1456.47
1617.93
1640.57
764.39
1672.91
1275.05
1077.85
1849.27
1957.95
1867.64
1171.65
1633.42
883.89
871.18
1831.42
1161.97
1629.75
432.91
1395.69
1664.33
931.65
1614.0
1700.02
1892.0
295.2
1307.47
1965.5
1916.75
759.44
1331.19
1612.49
1791.24
1703.58
1923.21
1380.04
1520.25
745.31
1508.07
1085.92
757.15
1424.57
234.67
1872.23
670.93
704.02
1584.94
1304.63
2107.1
1273.29
1894.41
1949.33
903.05
1869.68
1509.5
2032.36
740.85
700.68
1636.36
1644.36
1618.97
639.84
1687.24
2164.97
1141.77
1136.12
746.33
1701.17
1809.78
1678.84
2054.9
1626.0
1542.35
547.29
1112.58
1755.16
1983.3
1601.52
1813.64
773.49
1636.25
1404.32
1977.4
1317.16
1369.54
1619.41
1636.33
794.16
1853.43
1312.99
1519.43
1820.4
1375.73
1307.13
1485.53
1939.22
793.09
882.12
1949.14
1735.75
613.58
1573.09
1462.3
1515.73
1851.44
1819.23
1263.94
945.4
1704.69
1472.18
1589.84
790.44
1458.11
929.54
1481.76
1335.52
1502.59
1886.62
1658.1
940.63
1644.38
1415.32
1201.5
1374.57
1824.94
1758.94
1631.26
1742.24
1383.21
1926.69
1681.81
1870.28
1863.63
1236.21
1375.26
1528.62
1273.46
1720.58
1705.78
1856.7
1495.76
1676.3
2005.35
599.91
1271.97
696.55
1720.44
1567.46
1661.34
1396.02
680.34
1349.77
1338.6
1450.62
1229.83
1804.75
1892.18
1259.1
1954.57
678.65
1586.27
925.35
1594.75
1184.87
1148.11
1646.84
1393.1
1158.12
668.43
1468.41
1425.12
1487.68
1778.33
1689.65
1478.45
1740.92
1703.68
1488.17
1558.03
1341.3
1228.92
1450.21
1970.21
1015.54
985.49
1875.21
760.7
1766.28
1557.46
1483.67
1406.37
1777.03
1271.43
1869.89
1814.24
1049.62
1734.25
1174.35
736.93
1391.74
883.13
1718.65
1904.28
1529.73
1469.42
1655.28
298.19
1620.25
1187.2
1185.47
1714.42
1063.54
789.77
1741.88
937.92
1315.69
1715.14
739.25
1526.96
677.78
693.85
1441.59
1733.15
1172.41
1617.0
1490.84
1132.64
1896.91
1671.51
1623.41
1638.89
1448.7
1474.51
738.29
1715.24
1861.58
774.75
737.36
955.28
1714.34
1840.11
1113.43
1939.7
1260.77
1181.07
1923.5
1197.07
1924.52
810.79
1415.17
1578.23
936.85
1849.66
1298.57
1147.72
1779.18
1300.02
940.73
1788.22
1971.19
1613.52
1593.06
1175.13
1162.03
1300.09
1583.44
1299.48
1927.09
1604.25
1395.07
1220.21
797.59
1766.64
1575.43
1121.71
1460.16
1892.82
2165.02
761.08
1762.44
1708.23
795.42
282.22
1562.3
1381.99
1334.59
1090.01
813.27
1628.95
1717.19
1486.38
1713.91
1590.48
1361.39
1018.54
1494.86
1011.67
1128.23
1444.95
1196.61
1101.87
748.57
957.85
1822.82
2052.77
1757.28
1910.16
1202.3
1631.76
1645.11
1154.28
1335.59
1933.12
1213.16
1666.86
1668.9
1996.14
1528.34
1393.72
1483.53
1941.56
963.5
882.42
1444.53
1552.76
987.71
1012.74
1215.87
1231.5
1797.36
1427.6
1343.16
1822.57
1551.34
1605.56
318.76
364.31
1957.85
1666.3
1028.58
1850.69
853.64
1030.76
726.36
1636.1
1196.08
1976.63
874.95
1510.42
1427.87
707.09
1838.61
1162.38
674.74
1340.52
1734.57
1656.58
1270.97
1903.66
1466.15
661.06
1815.88
2067.88
1419.8
2098.15
1241.25
2172.39
1202.63
1784.54
919.53
1438.27
798.98
1146.25
1411.52
1494.8
1362.96
1549.6
729.36
737.82
1517.15
1252.17
1928.28
1895.38
1606.55
740.7
1350.4
1097.48
864.21
1604.63
869.23
1458.5
1335.99
1418.87
1430.53
1672.12
980.54
984.05
1837.4
1357.9
1939.77
891.18
832.41
1824.67
986.65
1318.1
1652.65
1551.65
1311.02
221.47
1833.48
1310.8
1957.98
1336.56
1532.89
1228.12
1929.58
1756.53
1686.45
1608.27
1686.99
772.61
1865.71
1490.08
1524.04
1655.03
1814.54
1453.71
1351.01
1806.97
1752.5
1174.01
1744.86
1331.67
890.0
807.6
1348.24
1940.66
1197.6
928.84
1653.74
800.83
1595.34
1286.85
1129.64
1541.58
1528.21
1596.02
981.3
1715.05
1189.18
1122.51
1130.12
1484.77
1511.88
1545.48
1118.37
1348.71
876.0
1796.84
1275.76
1622.82
1120.75
2146.89
1823.92
1228.18
1833.86
1222.38
1772.85
1569.36
1202.19
1417.05
1553.36
1349.04
681.35
1635.6
1402.61
1008.08
1989.15
1302.75
1763.59
1088.1
1467.38
1131.83
1897.17
1531.18
1913.51
1574.18
1582.56
1759.72
949.62
1645.21
811.01
1408.69
1082.66
1212.09
1101.83
1952.35
1796.16
1539.78
1188.65
931.7
1592.39
2147.17
1757.71
637.96
1215.11
1136.15
1556.37
1495.28
1337.21
1609.96
1480.5
308.18
1508.58
1698.69
1439.48
1649.04
1057.96
1863.58
1805.86
1033.88
561.38
2165.9
1147.92
1706.44
1704.34
1356.9
1931.9
1236.59
1722.83
1772.53
509.44
1276.1
353.6
1760.22
842.92
935.76
1806.14
1874.13
820.91
1441.31
1568.67
1962.62
1808.4
388.59
1619.87
1089.41
1875.67
1209.88
1945.69
1932.22
1981.84
1480.58
1712.2
1210.91
1445.93
705.1
1720.06
1472.74
970.33
1112.3
1677.41
1259.53
1734.08
314.75
1716.96
1679.23
996.93
1098.05
764.69
1510.26
1128.16
1193.56
1228.71
1090.19
1527.07
1498.69
1103.77
1335.63
1567.12
1414.23
1543.02
1374.89
1743.8
1839.61
1104.87
1203.62
1048.17
1605.2
877.72
673.94
1270.33
862.5
1843.39
1353.83
900.17
1809.3
1128.55
1944.61
1282.07
1147.31
1343.76
772.33
1257.32
1283.53
1423.25
1867.71
861.37
1310.41
1385.71
1696.62
602.02
1430.64
1382.17
926.06
1905.51
1841.13
1098.14
1363.04
1274.79
1654.13
1701.45
1378.73
1091.31
760.57
2026.85
1185.92
2034.58
1162.7
778.62
1951.85
1441.28
1532.44
1193.22
1595.26
1519.33
1285.1
1250.26
855.64
1357.54
1355.02
1319.94
1472.01
772.67
1400.89
1059.52
1324.4
1438.65
1676.54
1940.51
1612.32
1193.5
1912.9
1031.24
1612.39
1159.04
1719.27
1294.57
1211.48
1562.86
1613.1
1746.18
750.28
1214.18
2073.98
1746.43
1607.28
1314.82
1939.46
1742.37
2048.1
1598.09
1535.33
1594.39
1805.2
1453.62
1207.18
1424.91
1491.07
1366.74
702.91
1093.85
1834.44
1293.86
1572.62
1899.35
1820.11
1517.99
883.09
1566.3
1861.15
420.74
1483.47
1389.57
1601.33
1634.44
1111.95
1387.31
727.1
576.92
1296.15
1741.67
1953.09
1906.67
1791.12
1408.78
1617.83
1709.56
1923.49
892.11
1702.62
623.07
922.64
1149.37
1461.3
995.61
1601.15
1200.16
1561.61
1596.66
1686.62
1384.77
1425.44
1655.64
1324.27
1598.5
1901.83
1668.7
1039.06
1248.26
1749.83
1127.61
1394.21
894.6
901.03
1507.21
1750.36
973.27
830.0
1146.8
1744.06
1419.51
1358.99
962.12
1828.78
1529.66
1602.93
1627.34
1413.84
1265.45
752.29
1399.95
910.46
876.01
1782.83
1960.62
1286.85
1957.23
892.18
1283.38
964.43
908.33
1057.81
1242.11
1551.32
1462.77
849.78
1512.5
1796.92
1478.46
1337.89
1688.49
1640.24
1970.95
1251.81
999.62
1410.01
1745.25
1311.22
1197.21
1615.91
1151.64
524.32
1653.86
1624.01
823.13
1196.23
1208.76
892.29
1627.35
1524.31
1003.63
1201.39
1625.97
1618.75
1726.06
1777.54
1450.05
1397.26
1705.33
1791.39
1706.76
1904.95
1833.56
1614.58
1714.13
1195.76
1480.58
1282.98
1158.02
1733.98
1330.77
1225.12
1670.28
694.01
1819.83
1177.08
990.92
999.21
1926.0
1545.76
1503.04
1636.39
1435.65
1560.05
847.17
1370.24
945.42
1492.54
1698.69
1043.33
1420.24
1485.84
1036.48
1251.1
861.66
1529.76
1792.23
960.67
1241.4
761.76
1557.39
547.7
1091.82
816.4
1424.19
1584.98
2019.18
2101.85
1353.57
1918.86
771.24
951.28
1916.63
1571.29
1334.56
1435.98
1527.12
1257.01
1906.93
1545.81
1043.63
2123.08
2115.26
2003.83
1622.25
1541.63
809.02
1543.18
1227.89
1504.09
1490.29
975.12
532.59
1929.92
1395.2
811.26
1464.0
1637.76
1251.87
1621.23
1899.05
1008.6
787.41
1347.23
1725.99
731.18
722.07
592.96
1783.1
1664.49
1434.68
1864.76
1272.13
1919.93
1618.48
1384.6
1602.11
1940.72
1517.66
1274.63
1566.12
904.67
713.08
1511.26
1592.68
1568.03
1577.89
935.12
1781.97
1766.91
1577.27
1969.3
1614.57
1727.19
1450.93
2161.67
1784.11
1154.34
798.99
769.04
1766.73
1099.71
1668.75
1707.93
1516.4
1099.11
1433.31
1344.21
1503.69
816.17
1190.11
1809.7
781.81
1644.76
1059.96
1643.99
1492.8
1227.03
783.08
1479.92
1421.48
1525.21
1528.25
1263.87
1705.65
1281.05
1487.49
1403.19
1805.28
960.59
1802.56
1633.2
1577.02
622.03
607.53
1831.77
1045.57
832.66
1594.57
924.29
1624.65
1674.5
1545.51
1785.47
1576.04
1545.18
1867.07
1860.91
1281.34
1444.81
1494.41
1527.5
1151.92
1128.45
1529.9
1351.07
1293.36
1615.55
1657.0
1298.28
1522.27
1767.98
655.12
707.71
1679.33
1428.35
1429.39
1758.64
1635.2
1219.28
1056.46
1640.96
1377.01
1031.81
1880.99
1473.05
1839.74
1465.2
1660.97
1150.1
1469.81
1669.79
1766.06
2101.57
975.94
636.53
1276.05
1437.93
907.55
741.56
1775.69
1189.14
1804.84
1287.4
1751.29
1840.71
1681.63
890.73
1504.98
1652.99
1105.77
730.02
618.74
1221.98
1799.5
1655.16
726.46
1320.76
1498.1
1667.94
1542.77
1938.44
1970.29
1868.5
1499.29
1958.32
959.7
1130.22
418.15
1697.11
1495.69
1298.23
1531.21
1595.48
2113.9
1838.74
1765.77
1481.42
1408.5
1480.99
1604.87
1983.46
1933.42
1331.56
821.9
1646.99
1403.62
1162.47
1410.79
1406.18
1871.24
1151.18
1113.69
1229.96
423.49
1542.56
1563.65
1601.42
1456.67
1164.33
1162.33
1315.59
1061.91
542.42
1550.23
883.81
1609.03
1052.97
1913.36
983.56
1894.13
1819.65
1658.68
1610.2
1886.46
1347.43
1831.42
539.43
1137.38
2155.54
1038.77
1226.89
1421.23
1603.33
405.61
1466.19
1480.14
1315.5
1884.96
1898.91
400.5
1537.1
521.87
1617.67
1385.09
1599.42
1448.94
1782.61
1939.48
560.14
313.98
1335.18
1150.01
1186.33
1331.4
849.94
1748.76
853.66
1797.33
1525.88
802.69
805.85
1247.14
1674.9
1741.3
756.76
1643.62
1592.42
1093.0
610.67
738.73
1498.98
1224.37
1072.94
1456.24
886.23
1630.58
657.39
1216.09
1717.3
1608.97
2008.71
1620.96
1468.36
859.57
1741.89
774.14
1595.88
1163.83
1615.46
1303.58
1292.76
1467.67
1544.58
1559.18
1480.99
1901.72
1780.03
1729.87
821.78
1824.25
1329.56
1501.35
1919.87
1656.14
1692.67
789.39
1245.26
1314.21
1943.93
1450.37
1809.47
1718.66
773.03
1587.11
1661.49
1797.29
1099.22
1061.38
846.9
1471.71
2156.73
1029.61
1764.01
1602.84
1181.42
619.89
1692.95
833.55
1498.36
587.1
1130.62
1163.07
1280.63
1855.69
2009.9
879.31
1669.31
889.0
687.75
1360.84
1173.72
707.06
1543.6
1768.39
1201.82
1518.8
1186.39
1316.58
1532.98
1493.11
1096.05
1314.11
1300.4
476.49
588.45
1600.52
1194.73
1148.0
1083.03
1329.61
968.82
912.49
1718.46
784.06
893.92
1423.21
1562.11
1574.5
1150.83
1552.9
1667.01
1652.5
1451.78
1897.69
1370.43
1638.48
1772.33
1052.75
1718.09
1464.19
1686.65
1418.29
1287.64
1731.41
1404.49
1842.17
1896.86
1888.02
1852.72
1653.99
1207.95
1579.96
1699.51
1278.62
1388.38
1113.81
1594.07
1938.5
1808.82
1926.48
1377.97
980.42
1430.97
1675.18
1446.58
1741.66
607.63
1450.8
469.44
1393.54
2009.64
1519.15
1585.19
972.58
822.14
1674.02
1326.77
1296.92
1490.76
1304.37
1927.06
1633.78
699.99
1220.54
1716.21
1255.93
1295.14
1499.67
1442.47
1104.47
742.82
512.37
1792.35
918.31
1716.86
1856.34
1587.55
1517.88
1961.39
835.21
1294.87
1468.13
1373.78
1257.05
694.87
1802.76
1623.77
1449.2
517.39
1120.04
1551.2
1554.02
985.41
1933.73
880.95
768.61
1391.65
1235.01
1810.07
1121.86
1084.3
1884.23
2054.16
1695.28
1362.85
1165.66
618.35
1652.9
1433.58
1696.65
450.3
1739.92
1695.9
1713.23
1544.92
1757.61
946.64
714.74
1748.3
1678.61
1651.28
1346.42
1168.51
1431.86
1056.62
928.26
1937.27
1062.66
1349.17
1412.85
1034.53
1106.37
1592.86
1911.49
1307.52
617.38
1451.21
1070.97
1621.65
1527.96
1232.91
1748.06
1476.25
1575.3
1907.49
1572.16
1014.69
1487.54
2140.95
1221.75
1567.91
1505.06
1112.47
1282.02
1475.24
1086.73
1589.25
779.81
1437.84
1025.59
1275.16
1514.5
718.8
1393.38
1952.66
815.42
2151.51
934.26
1155.37
938.11
1641.35
1846.99
1402.99
1474.32
1293.0
997.05
791.99
1845.49
1210.17
1829.22
1630.69
1676.96
1112.1
1503.99
1449.14
1808.34
1171.61
1319.55
1664.03
737.28
1756.13
1857.45
1834.22
1773.42
1772.18
1123.16
1708.8
292.16
1387.94
1122.79
1363.13
844.3
2115.38
1387.02
1411.43
917.19
1961.02
963.17
167.27
864.15
990.27
1912.51
1972.39
1779.23
1642.4
1909.57
1167.3
1586.59
1019.91
1190.54
1502.12
974.15
850.08
1668.25
1204.68
747.76
1415.98
1691.74
1387.12
1674.81
1860.2
1141.51
1942.09
1615.26
1495.87
1697.86
1359.28
1098.52
811.63
1065.49
549.8
1617.54
1631.16
1683.86
1504.79
1216.56
1286.87
1284.12
598.11
1794.02
1689.69
1470.03
1794.63
1554.63
1392.2
2068.05
844.03
1186.99
808.19
1605.69
1396.84
985.73
1238.67
1781.15
1646.55
1602.19
1395.55
790.31
2032.33
910.17
1403.68
1500.32
1272.88
1495.82
1304.43
1446.52
1148.08
1039.33
1951.81
1567.65
741.32
1833.16
1341.6
1537.1
607.49
1708.79
1439.76
519.76
1132.5
1467.32
330.78
1385.8
1209.85
1368.08
1638.45
1462.6
1256.9
1708.66
2140.59
638.26
1566.21
701.85
1618.98
1442.71
1180.39
1932.21
1612.87
1739.23
1463.99
1382.43
1903.82
1096.27
1733.22
1435.78
1365.59
1219.26
1732.21
484.22
1062.57
952.78
939.62
1784.58
785.33
1025.58
1889.0
1495.73
1220.71
396.03
1281.3
1124.2
1044.81
1187.04
819.03
1612.72
1646.32
1912.66
1419.87
1731.67
885.61
1600.85
1412.83
1609.93
1550.22
2144.3
1255.59
1499.83
1423.14
1262.11
1986.05
1794.03
1523.56
1004.2
1742.4
844.51
1445.41
843.73
1812.68
1452.68
1228.29
1589.8
1570.22
2067.86
1621.92
308.48
1588.56
1703.05
1321.33
1061.86
1407.44
1576.6
1169.73
968.28
1929.13
1615.79
1563.16
2037.67
1916.0
1535.35
1308.85
1563.81
1619.64
1382.27
437.97
1618.61
1790.96
1282.67
1240.93
1778.28
644.14
597.08
636.86
1858.14
1298.4
